%% Cell parameters used to generate synthetic test data

% Copyright 2022 The MathWorks, Inc.

origCell.SOC = [0, .1, .25, .5, .75, .9, 1];
origCell.V0  = [3.5057, 3.566, 3.6337, 3.7127, 3.9259, 4.0777, 4.1928];
origCell.R0  = [.0085, .0085, .0087, .0082, .0083, .0085, .0085];
origCell.Ahr = 27;
origCell.R1  = [.0029, .0024, .0026, .0016, .0023, .0018, .0017];
origCell.Tau1= [36, 45, 105, 29, 77, 33, 39];
